26 6 2020	26 6 2020	9 20	10 5	Roma	Napoli	32.99
26 6 2020	26 6 2020	15 30	16 15	Roma	Napoli	35.99
27 6 2020	27 6 2020	15 30	16 15	Roma	Napoli	32.99
3 7 2020	3 7 2020	10 20	11 5	Roma	Napoli	34.99
26 6 2020	26 6 2020	11 30	12 40	Roma	Venezia	64.99
26 6 2020	26 6 2020	18 30	19 40	Roma	Venezia	65.99
27 6 2020	27 6 2020	17 30	18 35	Roma	Venezia	61.99
3 7 2020	3 7 2020	12 15	13 20	Roma	Venezia	64.99
26 6 2020	26 6 2020	7 30	9 5	Roma	Torino	82.99
26 6 2020	26 6 2020	16 30	18 5	Roma	Torino	82.99
27 6 2020	27 6 2020	16 10	17 45	Roma	Torino	80.99
3 7 2020	3 7 2020	10 15	11 50	Roma	Torino	80.99
26 6 2020	26 6 2020	10 10	13 5	Roma	Berlino	170.99
26 6 2020	26 6 2020	18 10	21 5	Roma	Berlino	165.99
27 6 2020	27 6 2020	10 45	13 35	Roma	Berlino	169.99
3 7 2020	3 7 2020	8 15	11 20	Roma	Berlino	182.99
26 6 2020	26 6 2020	9 10	11 55	Roma	Parigi	155.99
26 6 2020	26 6 2020	16 10	18 55	Roma	Parigi	154.99
27 6 2020	27 6 2020	12 5	14 50	Roma	Parigi	155.99
3 7 2020	3 7 2020	10 5	12 45	Roma	Parigi	165.99
26 6 2020	26 6 2020	10 30	11 45	Roma	Milano	65.99
26 6 2020	26 6 2020	20 30	21 45	Roma	Milano	59.99
27 6 2020	27 6 2020	12 10	13 35	Roma	Milano	79.99
3 7 2020	3 7 2020	10 15	11 50	Roma	Milano	70.99
26 6 2020	26 6 2020	10 35	11 55	Roma	Palermo	59.99
26 6 2020	26 6 2020	18 35	19 55	Roma	Palermo	49.99
27 6 2020	27 6 2020	11 35	12 55	Roma	Palermo	65.99
3 7 2020	3 7 2020	10 25	11 45	Roma	Palermo	59.99
26 6 2020	26 6 2020	6 30	7 15	Napoli	Roma	34.99
26 6 2020	26 6 2020	15 30	16 15	Napoli	Roma	34.99
27 6 2020	27 6 2020	9 30	10 15	Napoli	Roma	35.50
3 7 2020	3 7 2020	8 30	9 15	Napoli	Roma	31.99
26 6 2020	26 6 2020	11 50	12 40	Napoli	Palermo	33.99
26 6 2020	26 6 2020	16 50	17 40	Napoli	Palermo	31.99
27 6 2020	27 6 2020	18 30	19 20	Napoli	Palermo	32.99
3 7 2020	3 7 2020	12 30	13 20	Napoli	Palermo	31.99
26 6 2020	26 6 2020	10 30	15 35	Napoli	Dublino	259.99
26 6 2020	26 6 2020	17 30	22 35	Napoli	Dublino	259.99
27 6 2020	27 6 2020	18 50	23 40	Napoli	Dublino	249.99
3 7 2020	3 7 2020	12 35	17 20	Napoli	Dublino	231.99
26 6 2020	26 6 2020	10 35	12 20	Napoli	Milano	89.99
26 6 2020	26 6 2020	17 20	19 5	Napoli	Milano	85.50
27 6 2020	27 6 2020	16 45	18 15	Napoli	Milano	89.99
3 7 2020	3 7 2020	12 50	14 15	Napoli	Milano	84.99
26 6 2020	26 6 2020	10 50	14 5	Napoli	Ibiza	99.99
26 6 2020	26 6 2020	18 20	21 35	Napoli	Ibiza	101.50
27 6 2020	27 6 2020	17 45	20 55	Napoli	Ibiza	105.99
3 7 2020	3 7 2020	13 10	16 20	Napoli	Ibiza	108.99
26 6 2020	27 6 2020	12 30	11 50	Napoli	Miami	699.99
26 6 2020	27 6 2020	19 20	18 40	Napoli	Miami	705.50
27 6 2020	28 6 2020	18 45	19 55	Napoli	Miami	699.99
3 7 2020	4 7 2020	13 30	12 20	Napoli	Miami	720.99
26 6 2020	26 6 2020	8 30	9 25	Pisa	Milano	34.99
26 6 2020	26 6 2020	15 30	16 25	Pisa	Milano	32.99
27 6 2020	27 6 2020	16 50	17 40	Pisa	Milano	30.99
3 7 2020	3 7 2020	12 30	13 20	Pisa	Milano	33.99
26 6 2020	26 6 2020	12 45	14 40	Milano	Praga	82.99
26 6 2020	26 6 2020	22 5	23 55	Milano	Praga	85.50
27 6 2020	27 6 2020	18 45	20 40	Milano	Praga	89.99
3 7 2020	3 7 2020	14 40	16 30	Milano	Praga	84.99
26 6 2020	26 6 2020	12 40	14 55	Milano	Madrid	92.99
26 6 2020	26 6 2020	21 55	23 45	Milano	Madrid	99.50
27 6 2020	27 6 2020	18 50	20 55	Milano	Madrid	95.99
3 7 2020	3 7 2020	14 45	16 55	Milano	Madrid	94.99
26 6 2020	26 6 2020	8 30	10 5	Milano	Napoli	85.99
26 6 2020	26 6 2020	14 5	15 35	Milano	Napoli	80.50
27 6 2020	27 6 2020	14 40	16 5	Milano	Napoli	89.99
3 7 2020	3 7 2020	11 5	12 35	Milano	Napoli	84.99
26 6 2020	26 6 2020	7 30	8 45	Milano	Roma	65.99
26 6 2020	26 6 2020	13 30	14 40	Milano	Roma	60.50
27 6 2020	27 6 2020	10 40	11 50	Milano	Roma	62.99
3 7 2020	3 7 2020	7 5	8 15	Milano	Roma	70.99
26 6 2020	26 6 2020	11 30	11 10	Milano	Torino	25.99
26 6 2020	26 6 2020	12 30	13 10	Milano	Torino	24.50
27 6 2020	27 6 2020	11 40	12 20	Milano	Torino	22.99
3 7 2020	3 7 2020	10 15	10 55	Milano	Torino	23.99
26 6 2020	26 6 2020	11 30	12 40	Torino	Venezia	35.99
26 6 2020	26 6 2020	13 40	14 50	Torino	Venezia	40.50
27 6 2020	27 6 2020	14 40	15 50	Torino	Venezia	39.99
3 7 2020	3 7 2020	11 35	12 55	Torino	Venezia	38.99
26 6 2020	26 6 2020	6 30	7 15	Torino	Pisa	32.99
26 6 2020	26 6 2020	13 40	14 30	Torino	Pisa	29.50
27 6 2020	27 6 2020	15 5	15 50	Torino	Pisa	32.99
3 7 2020	3 7 2020	10 15	11 5	Torino	Pisa	30.99
26 6 2020	26 6 2020	5 30	6 50	Torino	Trieste	35.99
26 6 2020	26 6 2020	12 35	13 55	Torino	Trieste	40.50
27 6 2020	27 6 2020	14 35	15 55	Torino	Trieste	42.99
3 7 2020	3 7 2020	10 15	11 35	Torino	Trieste	41.99
26 6 2020	26 6 2020	6 15	7 5	Venezia	Milano	19.99
26 6 2020	26 6 2020	13 5	13 50	Venezia	Milano	22.50
27 6 2020	27 6 2020	13 45	14 25	Venezia	Milano	25.99
3 7 2020	3 7 2020	9 30	10 15	Venezia	Milano	24.99
26 6 2020	26 6 2020	10 30	11 50	Palermo	Bari	32.99
26 6 2020	26 6 2020	12 35	13 55	Palermo	Bari	30.50
27 6 2020	27 6 2020	14 35	15 55	Palermo	Bari	35.99
3 7 2020	3 7 2020	10 15	11 35	Palermo	Bari	30.99
26 6 2020	26 6 2020	5 35	6 50	Palermo	Olbia	25.99
26 6 2020	26 6 2020	11 25	12 45	Palermo	Olbia	35.50
27 6 2020	27 6 2020	12 20	13 40	Palermo	Olbia	32.99
3 7 2020	3 7 2020	8 5	9 25	Palermo	Olbia	35.99
26 6 2020	26 6 2020	4 15	6 20	Bari	Olbia	29.99
26 6 2020	26 6 2020	10 15	12 20	Bari	Olbia	55.50
27 6 2020	27 6 2020	12 20	14 25	Bari	Olbia	47.99
3 7 2020	3 7 2020	5 20	7 25	Bari	Olbia	52.50
26 6 2020	26 6 2020	7 20	8 30	Olbia	Napoli	25.99
26 6 2020	26 6 2020	13 15	14 20	Olbia	Napoli	35.50
27 6 2020	27 6 2020	14 45	15 50	Olbia	Napoli	33.99
3 7 2020	3 7 2020	9 45	10 50	Olbia	Napoli	40.99
26 6 2020	26 6 2020	8 30	9 50	Trieste	Torino	34.99
26 6 2020	26 6 2020	14 35	15 55	Trieste	Torino	39.99
27 6 2020	27 6 2020	17 35	18 55	Trieste	Torino	45.99
3 7 2020	3 7 2020	12 15	13 35	Trieste	Torino	40.99
26 6 2020	26 6 2020	8 15	9 45	Trieste	Praga	54.99
26 6 2020	26 6 2020	14 45	16 15	Trieste	Praga	52.99
27 6 2020	27 6 2020	17 30	18 55	Trieste	Praga	49.99
3 7 2020	3 7 2020	12 30	13 50	Trieste	Praga	52.99
26 6 2020	26 6 2020	16 15	17 45	Madrid	Ibiza	64.99
26 6 2020	27 6 2020	23 55	1 15	Madrid	Ibiza	55.99
27 6 2020	27 6 2020	21 35	22 55	Madrid	Ibiza	65.99
3 7 2020	3 7 2020	17 55	19 5	Madrid	Ibiza	69.99
26 6 2020	26 6 2020	14 35	16 20	Berlino	Vienna	63.99
26 6 2020	26 6 2020	22 20	23 55	Berlino	Vienna	59.99
27 6 2020	27 6 2020	15 30	17 5	Berlino	Vienna	62.99
3 7 2020	3 7 2020	13 15	14 45	Berlino	Vienna	64.99
26 6 2020	26 6 2020	14 15	16 35	Berlino	Parigi	99.99
26 6 2020	26 6 2020	21 50	23 55	Berlino	Parigi	85.99
27 6 2020	27 6 2020	15 15	17 30	Berlino	Parigi	102.99
3 7 2020	3 7 2020	13 20	15 45	Berlino	Parigi	110.99
26 6 2020	26 6 2020	14 20	16 45	Berlino	Londra	105.99
26 6 2020	26 6 2020	21 45	23 55	Berlino	Londra	99.99
27 6 2020	27 6 2020	15 20	17 35	Berlino	Londra	105.99
3 7 2020	3 7 2020	13 40	16 5	Berlino	Londra	111.99
26 6 2020	26 6 2020	16 20	17 45	Dublino	Londra	39.99
26 6 2020	26 6 2020	22 50	23 55	Dublino	Londra	50.99
27 6 2020	28 6 2020	23 55	2 5	Dublino	Londra	35.99
3 7 2020	3 7 2020	18 40	19 55	Dublino	Londra	49.99
26 6 2020	26 6 2020	12 30	13 30	Parigi	Lione	34.99
26 6 2020	26 6 2020	19 35	20 35	Parigi	Lione	30.99
27 6 2020	27 6 2020	15 25	16 30	Parigi	Lione	35.99
3 7 2020	3 7 2020	13 45	14 40	Parigi	Lione	40.99
26 6 2020	27 6 2020	10 30	9 50	Miami	Napoli	640.99
26 6 2020	27 6 2020	20 10	19 30	Miami	Napoli	650.50
27 6 2020	28 6 2020	15 45	14 55	Miami	Napoli	630.99
3 7 2020	4 7 2020	10 35	9 25	Miami	Napoli	699.99